1 12 2018 1 5
1 12 2018 2 2
1 12 2018 40 5
2 12 2018 4 1
2 12 2018 2 1
2 12 2018 5 0
2 12 2018 4 3
2 12 2018 4 3
2 12 2018 5 2
2 12 2018 3 1
2 12 2018 2 5
2 12 2018 4 2
2 12 2018 5 4
2 12 2018 1 1
2 12 2018 39 2
2 12 2018 1 2
2 12 2018 1 0
2 12 2018 1 2
2 12 2018 1 2
2 12 2018 1 2
2 12 2018 2 1
2 12 2018 1 2
2 12 2018 2 2
2 12 2018 1 1
2 12 2018 1 2
2 12 2018 2 2
2 12 2018 5 1
2 12 2018 2 2
2 12 2018 2 2
2 12 2018 32 2
2 12 2018 6 1
2 12 2018 1 2
2 12 2018 17 10
2 12 2018 1 2
2 12 2018 2 2
2 12 2018 30 1
2 12 2018 40 1
2 12 2018 30 1
2 12 2018 30 1
2 12 2018 40 1
2 12 2018 30 1
2 12 2018 40 1
2 12 2018 30 1
2 12 2018 40 1
2 12 2018 1 1
2 12 2018 30 1
2 12 2018 40 1
2 12 2018 30 1
2 12 2018 40 1
2 12 2018 30 1
2 12 2018 40 1
2 12 2018 1 1
2 12 2018 1 1
2 12 2018 40 1
2 12 2018 40 1
2 12 2018 2 2
2 12 2018 15 1
2 12 2018 2 2
2 12 2018 15 1
2 12 2018 1 7
2 12 2018 1 1
2 12 2018 4 2
2 12 2018 8 0
2 12 2018 34 1
2 12 2018 34 1
21 12 2020 25 10